2235167905397274482
2235432442666958231
2238010036914490217
2240781537327209665
2241249369945271342
2242704849804518884
2243862468824955421
2245235370254315902
2245647541228442849
2246056667750143620
2246330134642845105
2246682897251903899
2247050253790644706
2247434755344120442
2247773057880178789
2248206248642557330
2248577388560784201
2251139562147831811
2251414115381969135
2251884857242568806
2252146737229925850
2252489482658161747
2252600991401073139
2252872754819047786
2253303680699074208
2253607898911781264
2254042746801465214
2254330964298148419
2254772794185493129
2255430537666096673
2256486777389088202
2256840210306787451
2257318079592105115
2257570050550921947
2258386014225940902
2258891393758210924
2259014730639706440
